50
40
1915 1639 1329
1695 527 1772
735 1199 965
470 1435 1605
579 662 570
760 1143 1099
922 1729 470
1980 1504 1421
766 1320 842
1959 471 1479
780 858 1674
1959 1460 1699
1855 471 1356
664 872 1202
593 1660 1982
1488 499 1191
464 971 527
1136 1586 928
1578 748 1089
1225 779 938
1210 1878 1881
983 1048 546
1786 1614 1968
537 1075 928
915 870 1588
1868 665 721
1485 648 509
1857 1732 1557
562 588 1797
1989 698 902
1689 1367 1676
1019 1687 768
1949 1566 459
978 623 1824
1900 844 768
1604 1527 739
1068 1132 1915
1054 498 1583
1641 770 1056
1172 1919 1673
